%YAML:1.0
description: "smile"
samples:
   - !!opencv-matrix
      rows: 198
      cols: 1
      dt: d
      data: [ -2.0127999863834834e+01, -1.9070495980814869e+01,
          -1.7768698793589650e+01, -1.6286734423937347e+01,
          -1.4128315096640186e+01, -1.1073682374255986e+01,
          -7.4380185593498753e+00, -3.2500192327581612e+00,
          1.5313632052056272e+00, 6.3038479895503228e+00,
          1.0165580022918778e+01, 1.3265182687566979e+01,
          1.5668483841230247e+01, 1.7164819063647904e+01,
          1.7968032304910825e+01, 1.8538988825598295e+01,
          1.8799915441375454e+01, -1.7834782664014803e+01,
          -1.5385923855857548e+01, -1.2243139470872176e+01,
          -8.9611274882922398e+00, -5.7625162711233839e+00,
          3.4167055984453119e+00, 6.4240145778148277e+00,
          9.6098635223915601e+00, 1.2782946634121664e+01,
          1.5446193369125499e+01, -6.0432680259892813e-01,
          -3.3967647046100724e-01, -8.7510284104708624e-02,
          1.5681650482366433e-01, -3.7901863780027316e+00,
          -1.7612186457657748e+00, 3.8644841640133332e-01,
          2.4093125061620637e+00, 4.2574137791847857e+00,
          -1.3769688746071097e+01, -1.1612759149314675e+01,
          -9.0742587317778991e+00, -6.8191838380344816e+00,
          -9.1434343702824172e+00, -1.1485599364370813e+01,
          5.3711330909116812e+00, 7.4671406176552395e+00,
          9.9771908638702360e+00, 1.2231832772742210e+01,
          9.9989684337211191e+00, 7.6756008527910478e+00,
          -9.2009226589237905e+00, -6.3136429172992141e+00,
          -2.9331178444668495e+00, 4.4244706534979283e-01,
          3.7374927881080833e+00, 7.1072240049634123e+00,
          1.0062233331304499e+01, 8.0416231732852026e+00,
          4.8796304805558703e+00, 9.2716054600004860e-01,
          -3.1602742496914766e+00, -6.6628895665886354e+00,
          -4.1013307121993181e+00, 5.3003371809577959e-01,
          5.0755200727491694e+00, 5.5830234055661965e+00,
          7.8027378707161843e-01, -4.1881512988976528e+00,
          -4.7957001492871152e+00, 9.8100865858586406e-02,
          4.9375884771157956e+00, 9.6447986875354559e+00,
          1.3940175611752334e+01, 1.7580483609658167e+01,
          2.0672313754489497e+01, 2.2996055316972466e+01,
          2.3499300752781917e+01, 2.2323725553877217e+01,
          1.9301156895265244e+01, 1.5518504796780851e+01,
          1.1306147863746943e+01, 6.7006740513678071e+00,
          1.8772778100933798e+00, -3.0340907720931702e+00,
          -7.9556638348619106e+00, -1.4063813915545049e+01,
          -1.6140579947428606e+01, -1.7063057494833657e+01,
          -1.7077023601484541e+01, -1.6409507810982543e+01,
          -1.6839318515196656e+01, -1.7891707440025225e+01,
          -1.8298172705111789e+01, -1.7836483451912287e+01,
          -1.6172265400368666e+01, -1.1662263351281654e+01,
          -8.1380783710623952e+00, -4.6399923381257162e+00,
          -1.1469502590233522e+00, 1.0103868747345950e+00,
          1.7050938421847024e+00, 1.9147566720378491e+00,
          1.4351423070470446e+00, 4.9024258890387651e-01,
          -9.8169434629599817e+00, -1.1090641844482823e+01,
          -1.1312332392671401e+01, -1.0396352640335531e+01,
          -9.9895766109416027e+00, -9.7307821994985613e+00,
          -1.1119509155081403e+01, -1.2268457922423574e+01,
          -1.2378344846718159e+01, -1.1380812838129067e+01,
          -1.1024090130695781e+01, -1.1003204676432528e+01,
          7.1691694538783270e+00, 5.6876386653947675e+00,
          5.0305468331495549e+00, 5.0435195185440902e+00,
          4.6200974196794782e+00, 4.8524188089474798e+00,
          5.9825648609458959e+00, 9.4460523927302731e+00,
          1.1934184433737848e+01, 1.2831642603060338e+01,
          1.2430742777652743e+01, 1.0351888010084805e+01,
          6.6844249477481998e+00, 6.5820450976812186e+00,
          6.1121074044978894e+00, 9.0735164474768464e+00,
          1.0197315476767173e+01, 9.6940452860575661e+00,
          2.1647625643977801e+01, 2.1053035310636179e+01,
          2.0595924441005256e+01, 1.8402389138289223e+01,
          1.3633342487014668e+01, 8.0891717639012253e+00,
          3.1686896778700939e+00, -1.0868156689585153e+00,
          -4.6060888370249531e+00, -9.6298263584461652e-01,
          3.3461174308192123e+00, 8.3185816501010024e+00,
          1.3900311924850277e+01, 1.8603281565803304e+01,
          2.0800166721481624e+01, 2.1177482551125401e+01,
          2.1749778857409495e+01, 3.4849619989508240e-01,
          -1.3412245049864484e+00, -2.8579422740482125e+00,
          -4.2719148269282572e+00, -5.4716588369839219e+00,
          -5.6562971455551523e+00, -4.3595737514324284e+00,
          -2.8607771246184437e+00, -1.2562450980764790e+00,
          4.5825634227360790e-01, -4.7690985233585410e+00,
          -7.8128394006301569e+00, -1.0922109771023042e+01,
          -1.3789221465783280e+01, -6.7127258370362703e+00,
          -7.5480791905676270e+00, -8.2476967046679146e+00,
          -7.5884801195880165e+00, -6.6906008506455015e+00,
          -4.5779298678729802e-01, -8.3387888984183312e-01,
          -1.3192069254007355e+00, -1.3257243322634955e+00,
          -1.0603185137143216e+00, -9.4791669292799208e-01,
          -1.3882339406151418e+00, -1.3050876722509694e+00,
          -7.9897576803710046e-01, -4.1680934462098906e-01,
          -9.3721231547215911e-01, -1.0819738990398944e+00,
          -2.5691830096145081e+00, -4.6535011610326444e+00,
          -6.3518788327325320e+00, -8.2982906501782221e+00,
          -6.3244181479548294e+00, -4.5628507679167578e+00,
          -2.4671817039722654e+00, -3.9823630643016954e+00,
          -5.1583293718734229e+00, -6.5967405095592078e+00,
          -5.1995797860690107e+00, -4.0632285606513712e+00,
          -5.4198822899459032e+00, -8.0824728294605137e+00,
          -5.3438283450831880e+00, -4.4788005200153629e+00,
          -6.4932940471694955e+00, -4.5612141278165259e+00 ]
